X <- c(1, 0, 2, 0, 3, 1, 0, 1, 2, 0)
Y <- c(16, 9, 17, 12, 22, 13, 8, 15, 19, 11)

data <- data.frame(X, Y)

